g =

   0.731059   0.907824   0.709057
   0.731059   0.922136   0.334899
   0.731059   0.594742   0.163526
   0.731059   0.113327   0.253946
   0.731059   0.068713   0.614834
   0.731059   0.318748   0.829636
   0.731059   0.856421   0.776081
   0.731059   0.936396   0.440314
   0.731059   0.754036   0.182098
   0.731059   0.185608   0.200464
   0.731059   0.061905   0.501824
   0.731059   0.188688   0.800797
   0.731059   0.758071   0.816996
   0.731059   0.936597   0.556123
   0.731059   0.854167   0.222265
   0.731059   0.313759   0.170949
   0.731059   0.068284   0.388489
   0.731059   0.114925   0.748133
   0.731059   0.600466   0.836183
   0.731059   0.922845   0.662133

g =

   0.72077
   0.86163
   0.77867
   0.44034
   0.21634
   0.28469
   0.62749
   0.84743
   0.82653
   0.55040
   0.24735
   0.23597
   0.51824
   0.81512
   0.85322
   0.65659
   0.30368
   0.21165
   0.41063
   0.76032

h =

   0.72077
   0.86163
   0.77867
   0.44034
   0.21634
   0.28469
   0.62749
   0.84743
   0.82653
   0.55040
   0.24735
   0.23597
   0.51824
   0.81512
   0.85322
   0.65659
   0.30368
   0.21165
   0.41063
   0.76032

grad =

  -60.174
  -84.189
   39.864

g =

   0.72077
   0.86163
   0.77867
   0.44034
   0.21634
   0.28469
   0.62749
   0.84743
   0.82653
   0.55040
   0.24735
   0.23597
   0.51824
   0.81512
   0.85322
   0.65659
   0.30368
   0.21165
   0.41063
   0.76032

h =

   0.72077
   0.86163
   0.77867
   0.44034
   0.21634
   0.28469
   0.62749
   0.84743
   0.82653
   0.55040
   0.24735
   0.23597
   0.51824
   0.81512
   0.85322
   0.65659
   0.30368
   0.21165
   0.41063
   0.76032

grad =

  -60.174
  -84.189
   39.864

== 
==                                   Part Name |     Score | Feedback
==                                   --------- |     ----- | --------
==                            Sigmoid Function |   5 /   5 | Nice work!
==                    Logistic Regression Cost |  30 /  30 | Nice work!
==                Logistic Regression Gradient |   0 /  30 | 
==                                     Predict |   0 /   5 | 
==        Regularized Logistic Regression Cost |   0 /  15 | 
==    Regularized Logistic Regression Gradient |   0 /  15 | 
==                                   --------------------------------
==                                             |  35 / 100 | 
== 
